x,t=steady
-5.000000000000000000e+01,1.000000000000000444e+00
-5.000000000000000000e+01,1.000000000000000444e+00
-5.000000000000000000e+01,1.000000000000000666e+00
-5.000000000000000000e+01,1.000000000000000444e+00
-5.000000000000000000e+01,1.000000000000000000e+00
-5.000000000000000000e+01,1.000000000000000222e+00
-5.000000000000000000e+01,1.000000000000000222e+00
-5.000000000000000000e+01,1.000000000000000444e+00
-5.000000000000000000e+01,9.999999999999998890e-01
-5.000000000000000000e+01,9.999999999999996669e-01
-5.000000000000000000e+01,1.000000000000000444e+00
-5.000000000000000000e+01,1.000000000000000444e+00
-5.000000000000000000e+01,1.000000000000000888e+00
-5.000000000000000000e+01,9.999999999999998890e-01
-5.000000000000000000e+01,1.000000000000000222e+00
-5.000000000000000000e+01,1.000000000000000666e+00
-4.343081658871943063e+01,9.452568049059965061e-01
-4.333333333333323623e+01,9.444444444444444198e-01
-4.333333333333323623e+01,9.444444444444435316e-01
-4.278303763544765559e+01,9.398586469620645589e-01
-4.247926898610067781e+01,9.373272415508397959e-01
-4.236157580940228229e+01,9.363464650783531740e-01
-4.235997232819914160e+01,9.363331027349929281e-01
-4.211911929318431191e+01,9.343259941098699395e-01
-4.207217454486426078e+01,9.339347878738690767e-01
-4.198866220248949332e+01,9.332388516874133844e-01
-4.176875737516022724e+01,9.314063114596690118e-01
-4.176242014055113572e+01,9.313535011712604783e-01
-4.163545906194021740e+01,9.302954921828363588e-01
-4.150902154506071895e+01,9.292418462088398723e-01
-4.144654088252027435e+01,9.287211740210025157e-01
-4.123692548390062029e+01,9.269743790325063459e-01
-3.666666666666647245e+01,8.888888888888869522e-01
-3.666666666666647245e+01,8.888888888888876183e-01
-3.586672152124634749e+01,8.822226793437200065e-01
-3.565125032105988367e+01,8.804270860088325712e-01
-3.483911421983346912e+01,8.736592851652793534e-01
-3.482086128792846580e+01,8.735071773994033117e-01
-3.435008929943307265e+01,8.695840774952769969e-01
-3.428907381021838319e+01,8.690756150851537409e-01
-3.423965397588473536e+01,8.686637831323739123e-01
-3.375755610688102593e+01,8.646463008906758452e-01
-3.361563693922228424e+01,8.634636411601864792e-01
-3.338137688842135020e+01,8.615114740701789176e-01
-3.333493881764810141e+01,8.611244901470684887e-01
-3.306133285511775455e+01,8.588444404593150727e-01
-2.999999999999971223e+01,8.333333333333321491e-01
-2.999999999999971223e+01,8.333333333333317050e-01
-2.858036092384013926e+01,8.215030076986685748e-01
-2.788492791971095741e+01,8.157077326642588888e-01
-2.738820334515378718e+01,8.115683612096147304e-01
-2.735102511286338256e+01,8.112585426071946548e-01
-2.654851471577022792e+01,8.045709559647521436e-01
-2.604650278176495348e+01,8.003875231813747382e-01
-2.591403180643971282e+01,7.992835983869988059e-01
-2.581012224002711264e+01,7.984176853335608337e-01
-2.562938998740569119e+01,7.969115832283808487e-01
-2.485025116942218304e+01,7.904187597451859393e-01
-2.469516117269314748e+01,7.891263431057773392e-01
-2.333333333333295201e+01,7.777777777777745705e-01
-2.333333333333295201e+01,7.777777777777754586e-01
-2.152067892070604671e+01,7.626723243392176110e-01
-2.099198732928676137e+01,7.582665610773900999e-01
-1.985177780711550000e+01,7.487648150592960405e-01
-1.959161049190796788e+01,7.465967540992340945e-01
-1.928071531355644552e+01,7.440059609463045565e-01
-1.827299168723913780e+01,7.356082640603264222e-01
-1.722039549130959557e+01,7.268366290942466224e-01
-1.707037574249306289e+01,7.255864645207759089e-01
-1.666666666666629482e+01,7.222222222222197674e-01
-1.666666666666629482e+01,7.222222222222189902e-01
-1.657675568224852825e+01,7.214729640187379500e-01
-1.585716524939927830e+01,7.154763770783280075e-01
-1.445210314446321576e+01,7.037675262038608492e-01
-1.413196527177279371e+01,7.010997105981072730e-01
-1.223872811145144368e+01,6.853227342620951124e-01
-1.173779886124465399e+01,6.811483238437057164e-01
-1.152926867922478671e+01,6.794105723268742958e-01
-9.999999999999658939e+00,6.666666666666637431e-01
-9.999999999999658939e+00,6.666666666666639651e-01
-9.801126814917010321e+00,6.650093901243088190e-01
-8.141651270136712526e+00,6.511804272511396707e-01
-7.435349928845269574e+00,6.452945827403777646e-01
-7.372432706363564847e+00,6.447702725530297663e-01
-7.107549225349823807e+00,6.425629102112487834e-01
-6.831139098115211361e+00,6.402594924842934798e-01
-4.547282053673940894e+00,6.212273504472828334e-01
-3.921583936746668719e+00,6.160131994728892391e-01
-3.333333333333008852e+00,6.111111111111088290e-01
-3.333333333333008852e+00,6.111111111111086069e-01
-3.162332234868028724e+00,6.096861019572340501e-01
-1.139020176587882238e+00,5.928251681382321614e-01
-2.855510056408225306e-01,5.857129250470066717e-01
-5.790347603495485385e-02,5.838158623002915881e-01
1.810376963626991187e-01,5.818246858636445529e-01
3.686281768581746165e-01,5.802614318595157306e-01
2.815174765977977778e+00,5.598735436168502666e-01
3.191174124277308177e+00,5.567402156310218286e-01
3.333333333333619919e+00,5.555555555555531377e-01
3.333333333333619919e+00,5.555555555555531377e-01
3.676471286151762108e+00,5.526960726154021009e-01
3.833008187967616553e+00,5.513915984336029696e-01
5.490255594965592678e+00,5.375812033752871422e-01
6.794769201011681581e+00,5.267102566582355649e-01
6.967383073859227949e+00,5.252718077178404332e-01
7.551560433482864099e+00,5.204036630543090736e-01
8.202355654494834170e+00,5.149803695458766706e-01
1.000000000000046185e+01,4.999999999999960587e-01
1.000000000000046185e+01,4.999999999999960032e-01
1.059133587979077440e+01,4.950722010017429286e-01
1.088894606415940380e+01,4.925921161320047093e-01
1.115216666377404131e+01,4.903986111352163779e-01
1.227434497764099675e+01,4.810471251863252529e-01
1.332325949233079676e+01,4.723061708972434714e-01
1.389394895714754874e+01,4.675504253571029500e-01
1.397844655552952098e+01,4.668462787039205364e-01
1.417130241267926039e+01,4.652391465610062338e-01
1.597320887962438363e+01,4.502232593364627333e-01
1.631171654598130516e+01,4.474023621168224940e-01
1.666666666666719721e+01,4.444444444444402564e-01
1.666666666666719721e+01,4.444444444444395903e-01
1.854248618735172371e+01,4.288126151054018620e-01
1.860527395542787943e+01,4.282893837047675456e-01
2.085759797685346939e+01,4.095200168595543588e-01
2.100649673279493612e+01,4.082791938933754139e-01
2.101823647841731812e+01,4.081813626798557748e-01
2.110280612242036824e+01,4.074766156464968425e-01
2.168843826360287252e+01,4.025963478033093845e-01
2.264594377766721323e+01,3.946171351861063603e-01
2.298435254036959208e+01,3.917970621635867290e-01
2.333333333333376913e+01,3.888888888888854534e-01
2.333333333333376913e+01,3.888888888888845652e-01
2.446856512604387746e+01,3.794286239496336699e-01
2.456527240030855808e+01,3.786227299974287419e-01
2.632006409987936379e+01,3.639994658343386758e-01
2.633208955484112579e+01,3.638992537096564228e-01
2.812001787352911819e+01,3.489998510539240595e-01
2.815310535667329717e+01,3.487241220277220166e-01
3.000000000000031264e+01,3.333333333333309279e-01
3.000000000000031264e+01,3.333333333333303172e-01
3.047666837099550818e+01,3.293610969083702877e-01
3.062700801738919765e+01,3.281082665217564531e-01
3.090681311086261829e+01,3.257765574094780292e-01
3.115525886130118849e+01,3.237061761558232553e-01
3.183652967198448991e+01,3.180289194001282849e-01
3.194240732468833599e+01,3.171466056275973888e-01
3.297804638089508700e+01,3.085162801592076787e-01
3.297924085366370406e+01,3.085063262194686073e-01
3.414754575960696314e+01,2.987704520032752886e-01
3.417999070247388715e+01,2.985000774793835077e-01
3.537017894060044654e+01,2.885818421616631602e-01
3.539463171209059311e+01,2.883780690659112356e-01
3.666666666666688457e+01,2.777777777777754031e-01
3.666666666666688457e+01,2.777777777777761803e-01
4.017225510829505453e+01,2.485645407642075866e-01
4.024160578680697142e+01,2.479866184432746590e-01
4.031592350146126336e+01,2.473673041544892370e-01
4.052487120755960603e+01,2.456260732703360594e-01
4.059159029846157551e+01,2.450700808461537539e-01
4.094765961053848002e+01,2.421028365788454040e-01
4.100143351482194731e+01,2.416547207098172501e-01
4.147347531865253956e+01,2.377210390112289295e-01
4.149376673289497575e+01,2.375519438925411120e-01
4.205335878973136943e+01,2.328886767522386492e-01
4.207297452434954721e+01,2.327252122970865089e-01
4.265612594174085359e+01,2.278656171521598606e-01
4.266838227115746918e+01,2.277634810736874071e-01
4.333333333333342807e+01,2.222222222222206556e-01
4.333333333333342807e+01,2.222222222222215715e-01
5.000000000000000000e+01,1.666666666666661301e-01
5.000000000000000000e+01,1.666666666666663243e-01
5.000000000000000000e+01,1.666666666666661301e-01
5.000000000000000000e+01,1.666666666666666574e-01
5.000000000000000000e+01,1.666666666666666297e-01
5.000000000000000000e+01,1.666666666666661023e-01
5.000000000000000000e+01,1.666666666666667407e-01
5.000000000000000000e+01,1.666666666666662966e-01
5.000000000000000000e+01,1.666666666666663243e-01
5.000000000000000000e+01,1.666666666666662688e-01
5.000000000000000000e+01,1.666666666666662688e-01
5.000000000000000000e+01,1.666666666666661023e-01
5.000000000000000000e+01,1.666666666666666852e-01
5.000000000000000000e+01,1.666666666666666297e-01
5.000000000000000000e+01,1.666666666666668239e-01
5.000000000000000000e+01,1.666666666666669072e-01
5.666666666666671404e+01,1.555555555555549196e-01
5.701274222972679695e+01,1.549787629504554287e-01
5.703200613731929991e+01,1.549466564378012834e-01
5.723610932411394003e+01,1.546064844598094568e-01
5.747389168570056484e+01,1.542101805238324796e-01
5.748123806758292176e+01,1.541979365540284419e-01
5.769855154365921379e+01,1.538357474272341874e-01
5.774646312150348137e+01,1.537558947974938528e-01
5.779995195640727701e+01,1.536667467393207365e-01
5.785941604935504756e+01,1.535676399177415552e-01
5.790895985868322526e+01,1.534850669021943226e-01
5.800813531918594634e+01,1.533197744680230290e-01
5.803976988267664439e+01,1.532670501955385456e-01
5.807242467187518287e+01,1.532126255468746756e-01
5.809414275013612183e+01,1.531764287497729693e-01
5.913627100231689582e+01,1.514395483294720401e-01
6.328744679212046265e+01,1.445209220131326022e-01
6.333333333333344228e+01,1.444444444444437647e-01
6.406401227463859982e+01,1.432266462089357428e-01
6.446058713471968815e+01,1.425656881087999928e-01
6.449766062255751820e+01,1.425038989624041463e-01
6.522186827856705804e+01,1.412968862023879502e-01
6.533586388221549157e+01,1.411068935296407034e-01
6.537952324901966961e+01,1.410341279183005836e-01
6.542579156742483804e+01,1.409570140542914796e-01
6.598377043311529633e+01,1.400270492781410525e-01
6.601078364155299028e+01,1.399820272640779628e-01
6.606422574894519073e+01,1.398929570850911408e-01
6.607764953617689230e+01,1.398705841063714872e-01
6.619583067292673206e+01,1.396736155451220596e-01
6.626046807661143134e+01,1.395658865389807490e-01
7.000000000000017053e+01,1.333333333333326376e-01
7.008080386308878929e+01,1.331986602281854115e-01
7.109601841195789973e+01,1.315066359800703411e-01
7.168175926791886354e+01,1.305304012201347896e-01
7.177213258081519598e+01,1.303797790319744521e-01
7.199312011682464174e+01,1.300114664719589086e-01
7.320779278822502079e+01,1.279870120196245908e-01
7.339156333138789989e+01,1.276807277810200758e-01
7.367389471539607371e+01,1.272101754743397151e-01
7.384899693941220278e+01,1.269183384343126331e-01
7.402181845497291590e+01,1.266303025750452060e-01
7.426738393264976423e+01,1.262210267789168894e-01
7.436615940875915953e+01,1.260564009854011069e-01
7.445985738161292034e+01,1.259002376973116233e-01
7.666666666666688457e+01,1.222222222222213994e-01
7.725488820443494831e+01,1.212418529926083816e-01
7.812802454927719964e+01,1.197866257512047172e-01
7.888934329740725104e+01,1.185177611709875845e-01
7.958414053676517597e+01,1.173597657720579224e-01
7.979595086969008833e+01,1.170067485505163207e-01
8.107403078968252430e+01,1.148766153505288573e-01
8.133287867019807038e+01,1.144452022163365557e-01
8.152637086240621045e+01,1.141227152293228658e-01
8.224681077194925649e+01,1.129219820467510793e-01
8.266320496941814611e+01,1.122279917176362690e-01
8.330642859093104846e+01,1.111559523484480366e-01
8.333333333333362702e+01,1.111111111111103139e-01
8.447401978272642964e+01,1.092099670287891705e-01
8.516003068659654218e+01,1.080666155223391350e-01
8.606165369081026029e+01,1.065639105153158295e-01
8.728589117854271251e+01,1.045235147024287659e-01
8.851724145272801536e+01,1.024712642454532197e-01
8.893547436220144675e+01,1.017742093963306949e-01
8.906299974182292090e+01,1.015616670969616137e-01
8.996263959231083618e+01,1.000622673461485090e-01
9.000000000000039790e+01,9.999999999999913125e-02
9.116049344691595024e+01,9.806584425513990844e-02
9.176974327627785044e+01,9.705042787287020134e-02
9.219203682391588472e+01,9.634660529347348346e-02
9.320511761952290897e+01,9.465813730079493393e-02
9.345786855910898794e+01,9.423688573481815711e-02
9.499669419582959051e+01,9.167217634028389239e-02
9.565738754779096098e+01,9.057102075368164695e-02
9.666666666666715457e+01,8.888888888888783757e-02
9.717924277928432275e+01,8.803459536785923634e-02
9.908661254492027126e+01,8.485564575846613056e-02
9.914264255021694794e+01,8.476226241630493985e-02
9.922404296123519885e+01,8.462659506460791514e-02
9.983592932377777629e+01,8.360678446037020373e-02
1.002980927726434004e+02,8.283651204559415449e-02
1.025136589851501867e+02,7.914390169141619080e-02
1.028201872668084462e+02,7.863302122198581601e-02
1.030209956673002551e+02,7.829834055449942654e-02
1.033333333333339112e+02,7.777777777777661328e-02
1.051073080086244573e+02,7.482115331895906885e-02
1.062560490985545130e+02,7.290658483574245785e-02
1.065259228010963426e+02,7.245679533150603535e-02
1.070341701836815389e+02,7.160971636053056755e-02
1.072868269319365169e+02,7.118862178010555708e-02
1.100000000000004832e+02,6.666666666666570817e-02
1.100695846516598237e+02,6.655069224723356158e-02
1.101531784663198579e+02,6.641136922280004018e-02
1.104843542094655930e+02,6.585940965089054355e-02
1.109841864908820952e+02,6.502635584852971273e-02
1.124138300196129450e+02,6.264361663397828572e-02
1.124885034297913933e+02,6.251916095034754095e-02
1.132880552358735997e+02,6.118657460687725730e-02
1.140646404705133676e+02,5.989226588247759803e-02
1.141931280548188425e+02,5.967811990863518962e-02
1.152525556108479634e+02,5.791240731525326702e-02
1.166666666666669983e+02,5.555555555555485858e-02
1.174465730994259900e+02,5.425571150095665623e-02
1.186223910921078328e+02,5.229601484648684073e-02
1.188585951906741371e+02,5.190234134887632134e-02
1.203200613731926722e+02,4.946656437801216777e-02
1.204964376192902336e+02,4.917260396784949722e-02
1.211154666107410236e+02,4.814088898209816642e-02
1.216361351408163358e+02,4.727310809863933400e-02
1.217232930901890171e+02,4.712784484968486620e-02
1.222705787627584897e+02,4.621570206206905562e-02
1.224366914414440259e+02,4.593884759759321590e-02
1.233333333333334991e+02,4.444444444444406450e-02
1.241584747896145586e+02,4.306920868397562385e-02
1.249274417963064963e+02,4.178759700615575917e-02
1.260780329236670809e+02,3.986994512722141781e-02
1.270576772428057239e+02,3.823720459532371774e-02
1.273520675105117448e+02,3.774655414914704354e-02
1.281978339315826645e+02,3.633694344736215776e-02
1.300000000000000853e+02,3.333333333333309001e-02
1.304330271134328711e+02,3.261162147761181157e-02
1.305648341803851906e+02,3.239194303269130049e-02
1.311235659123419737e+02,3.146072347942996394e-02
1.315544059694373686e+02,3.074265671760430599e-02
1.319754859634231536e+02,3.004085672762802153e-02
1.320203182783875206e+02,2.996613620268744754e-02
1.320436453008674675e+02,2.992725783188748823e-02
1.327887467964712016e+02,2.868542200588125243e-02
1.331035449709568752e+02,2.816075838173847518e-02
1.339428985918476940e+02,2.676183568025376769e-02
1.343840736478310305e+02,2.602654392028157931e-02
1.351304774777783848e+02,2.478253753703597850e-02
1.353811887493435506e+02,2.436468541776069113e-02
1.366666666666667425e+02,2.222222222222203572e-02
1.401977822168315981e+02,1.633702963861395976e-02
1.403989339973867629e+02,1.600177667102202148e-02
1.404177790614475612e+02,1.597036823092069791e-02
1.406837185008208451e+02,1.552713583196521294e-02
1.407055380102544007e+02,1.549076998290929187e-02
1.409073395699564912e+02,1.515443405007247703e-02
1.410080188269942596e+02,1.498663528834287377e-02
1.411869529878078140e+02,1.468841168698693106e-02
1.414160797851501457e+02,1.430653369141640478e-02
1.418786267268568508e+02,1.353562212190521571e-02
1.419616266199779204e+02,1.339728896670344324e-02
1.421265683783328484e+02,1.312238603611188756e-02
1.426508589392557553e+02,1.224856843457370649e-02
1.433333333333333712e+02,1.111111111111101439e-02
1.500000000000000000e+02,3.805617351755126998e-18
1.500000000000000000e+02,-4.437046058925410189e-19
1.500000000000000000e+02,-1.933139466105716563e-18
1.500000000000000000e+02,2.687818440673714401e-20
1.500000000000000000e+02,4.300874599855544977e-18
1.500000000000000000e+02,3.100677198978006925e-18
1.500000000000000000e+02,-1.956231719932702513e-18
1.500000000000000000e+02,-2.106692169027628586e-18
1.500000000000000000e+02,-2.207268216271739595e-18
1.500000000000000000e+02,3.073980191042339757e-19
1.500000000000000000e+02,5.960888751106688362e-19
1.500000000000000000e+02,-4.378732482648090128e-19
1.500000000000000000e+02,-8.923321908406324195e-19
1.500000000000000000e+02,-6.148675938547971640e-18
1.500000000000000000e+02,4.358167850060413750e-19
1.500000000000000000e+02,-1.020662922383644704e-18
