x,t=1.00e-01s,t=2.00e-01s,t=5.00e-01s,t=1.00e+00s,t=5.00e+00s,t=1.00e+01s
0.000000000000000000e+00,9.999999999999997500e+14,9.999999999999997500e+14,9.999999999999993750e+14,9.999999999999997500e+14,9.999999999999996250e+14,9.999999999999995000e+14
7.812500000000000163e-06,-1.107079524765777344e+14,6.481456339198322266e+12,2.247449153583922812e+14,4.011767089422231875e+14,7.088711674572701250e+14,7.916709619570203750e+14
1.562500000000000033e-05,6.990993691107559570e+12,-2.160429090924032031e+13,-1.185689600046116016e+13,7.908096605229557812e+13,4.544226293448021250e+14,5.971355348103311250e+14
2.343750000000000049e-05,1.155969179794312256e+12,5.451562857264966797e+12,-4.759853368576651367e+12,-9.750808455198359375e+11,2.603782381108047188e+14,4.275476032405833125e+14
3.125000000000000065e-05,-6.585219024515465088e+11,-9.303130479210228271e+11,1.225697254348989502e+12,-2.203571758204919434e+12,1.317185651573369375e+14,2.895943119901391250e+14
3.906250000000000081e-05,2.025480879580604248e+11,1.079968963996125031e+11,-1.105969661362999268e+11,1.884563518065054016e+11,5.798714789325813281e+13,1.849557708233775938e+14
4.687500000000000098e-05,-5.212362014652886200e+10,-1.545750600984223604e+09,-1.747270015538151550e+10,5.371669090150608063e+10,2.180170969366679297e+13,1.110238212987168125e+14
5.468750000000000114e-05,1.230222954763172150e+10,-3.874593997943742275e+09,9.514648197340023041e+09,-1.608322939508665085e+10,6.808826037060366211e+12,6.243100566256235156e+13
6.250000000000000130e-05,-2.758536886433494091e+09,1.542262047620880604e+09,-2.248221601304346085e+09,1.140858646136257172e+09,1.684114605978912109e+12,3.277132479045363672e+13
7.031250000000000824e-05,5.979081856936540604e+08,-4.335406666429560184e+08,3.353269527459199429e+08,3.895391070617129803e+08,2.972896835397367554e+11,1.599589574364189844e+13
7.812500000000000163e-05,-1.265038329123401046e+08,1.041584544277164042e+08,-1.751214074752483144e+07,-1.447537686281063557e+08,2.528867198585814667e+10,7.227753989767572266e+12
8.593749999999999501e-05,2.628624028231222928e+07,-2.258958540098590776e+07,-8.484634772460354492e+06,2.237118565091563761e+07,-3.491628088994531155e+09,3.007200625740602539e+12
9.375000000000000195e-05,-5.385961591504502110e+06,4.504201351618877612e+06,3.823691068548923358e+06,-1.236358744668626168e+05,-1.368207991776553154e+09,1.144490709382930664e+12
1.015625000000000089e-04,1.091270987836599583e+06,-8.250763183982761111e+05,-1.024518110478032380e+06,-9.378311658577331109e+05,-7.868577110208536685e+07,3.950315757212271118e+11
1.093750000000000023e-04,-2.190913758421592356e+05,1.358357565789289074e+05,2.104084609286343039e+05,2.942473684831402497e+05,3.678498423743142188e+07,1.222218190261417999e+11
1.171874999999999957e-04,4.365226149718705710e+04,-1.872386761340506928e+04,-3.327764730224676896e+04,-5.179117632142488583e+04,5.796581132693074644e+06,3.332523475182700348e+10
1.250000000000000026e-04,-8.641482566368566040e+03,1.585606991175547137e+03,3.174189781621757447e+03,3.711866203453679191e+03,-9.563272591903493740e+05,7.792435704638219833e+09
1.328125000000000095e-04,1.701261591633613989e+03,1.971706049011273763e+02,2.931363996231278293e+02,1.097623913198667196e+03,-2.456702422751132399e+05,1.485512378777950525e+09
1.406250000000000165e-04,-3.333312430814376626e+02,-1.562971198756946194e+02,-2.605217728431817932e+02,-5.422161103278335759e+02,3.164391876213362048e+04,2.040964460572094023e+08
1.484374999999999963e-04,6.503744357750031213e+01,5.692450233966521012e+01,8.919862013427820102e+01,1.378078408225341036e+02,9.188932650913722682e+03,1.078600558135225996e+07
1.562500000000000033e-04,-1.264293081933767304e+01,-1.687572120712686541e+01,-2.336948890179965943e+01,-2.364471165855681889e+01,-1.423854050406978331e+03,-3.447440512926269788e+06
1.640625000000000102e-04,2.449669236062813393e+00,4.525415278653917461e+00,5.201759942152440530e+00,2.094238767319548611e+00,-3.047632111313837981e+02,-1.098907749216553988e+06
1.718749999999999900e-04,-4.732523670146278616e-01,-1.141875844929959527e+00,-1.003992628364175355e+00,3.356250575980615491e-01,7.340342530086951456e+01,-1.169992491880146408e+05
1.796874999999999970e-04,9.118669677737793744e-02,2.763965263237235237e-01,1.631572929518146087e-01,-2.196346645496304040e-01,7.169307586292723578e+00,1.335285081247741800e+04
1.875000000000000039e-04,-1.752802240609632051e-02,-6.489080441234516827e-02,-1.932125528282575139e-02,6.543613678171195103e-02,-3.595199437445053103e+00,6.104011950103345043e+03
1.953125000000000108e-04,3.361952398443117124e-03,1.487932422860134725e-02,2.349842146742979628e-04,-1.412983225628894855e-02,5.167958774426451712e-02,4.924028248501179519e+02
2.031250000000000178e-04,-6.435607058083372837e-04,-3.347863953943812799e-03,8.119506477753969925e-04,2.248600682307875034e-03,1.441774845147746065e-01,-1.398111463727466059e+02
2.109374999999999976e-04,1.229698463971147027e-04,7.416265625804439312e-04,-3.452963875411619037e-04,-1.892575778340350090e-04,-1.952310445057675245e-02,-3.428999491922178322e+01
2.187500000000000046e-04,-2.345751987396313222e-05,-1.621469231172662504e-04,1.043372656254869929e-04,-3.337715375568429379e-05,-3.552506142570453253e-03,1.188837184785654033e+00
2.265625000000000115e-04,4.467821383958027279e-06,3.505572373411646912e-05,-2.692847210819175366e-05,2.169810598547882756e-05,1.336153976643721488e-03,1.338647985827627007e+00
2.343749999999999913e-04,-8.497465995243479574e-07,-7.505511355780859528e-06,6.257879444945516851e-06,-6.801330911905554882e-06,-4.883022091997949262e-05,6.652261429589988173e-02
2.421874999999999983e-04,1.614014151383701115e-07,1.593270312476803680e-06,-1.333072541868493603e-06,1.615961782625125487e-06,-5.004817475345416539e-05,-4.456173400301959020e-02
2.500000000000000052e-04,-3.061887742074639291e-08,-3.356667419015486999e-07,2.603738015653755057e-07,-3.091227981939579352e-07,1.056569256750295307e-05,-5.012012722333316142e-03
2.578125000000000121e-04,5.801909974556499947e-09,7.024032364603526418e-08,-4.579707314954693240e-08,4.474232815583749541e-08,3.251637463583645168e-07,1.449450502247473993e-03
2.656250000000000191e-04,-1.098208523102838332e-09,-1.460890581826677181e-08,6.856488605479378108e-09,-2.978954270178443675e-09,-5.252400643762931468e-07,2.397747072636331289e-04
2.734375000000000260e-04,2.076634242513286663e-10,3.021699589605941136e-09,-7.065976067308025383e-10,-9.434861189940945048e-10,8.633819287003747231e-08,-5.014817443003303447e-05
2.812500000000000330e-04,-3.923044182528773167e-11,-6.218723475332039685e-10,-2.856779751980013152e-11,5.160564752716239734e-10,6.187000230494243547e-09,-9.933101615758621616e-06
2.890624999999999857e-04,7.404549395547137367e-12,1.273950960658271175e-10,4.575916842673996098e-11,-1.608542742824538653e-10,-5.123870104184253465e-09,1.937508769078883356e-06
2.968749999999999926e-04,-1.396395675672842074e-12,-2.598765766926126146e-11,-1.800933709619679441e-11,3.979376187748910939e-11,8.072040301869450173e-10,3.782888648540163532e-07
3.046874999999999996e-04,2.631316623135309637e-13,5.280636918513550384e-12,5.452405418240026763e-12,-8.312327992196875339e-12,5.473845483472423717e-11,-8.335207136529601835e-08
3.125000000000000065e-04,-4.954629173116969573e-14,-1.069142282528797933e-12,-1.455434658299028615e-12,1.450360823364666719e-12,-4.865162445261938413e-11,-1.304495488733658698e-08
3.203125000000000134e-04,9.322659793718812530e-15,2.157377081682823642e-13,3.584506873445681942e-13,-1.892506584447683324e-13,8.655357102624158528e-12,3.813415445132241495e-09
3.281250000000000204e-04,-1.752972201599551133e-15,-4.339677064083060507e-14,-8.307389058492996073e-14,7.413685580754431053e-15,1.832111096469264560e-13,3.681810140461583770e-10
3.359375000000000273e-04,3.294059359408350616e-16,8.703998244402264859e-15,1.827989360247484506e-14,6.030257698407314992e-15,-4.379304606054569556e-13,-1.747942777339315648e-10
3.437499999999999801e-04,-6.186180990333791792e-17,-1.740967345088156441e-15,-3.829277948337853653e-15,-2.809779127889193435e-15,9.842234504449791378e-14,-4.939314563076902024e-12
3.515624999999999870e-04,1.161077663463455153e-17,3.473326937283820792e-16,7.616816745339384901e-16,8.583962495022224481e-16,-4.405143202771778598e-15,7.569718772248405786e-12
3.593749999999999939e-04,-2.178006245787523901e-18,-6.912736190305179060e-17,-1.425359584571377385e-16,-2.166932672196491439e-16,-3.402239092421084728e-15,-3.496154045141415951e-13
3.671875000000000009e-04,4.083448915952110360e-19,1.372662533410020478e-17,2.456137689826947122e-17,4.773810091713041895e-17,1.077093085400972823e-15,-2.890034376722009853e-13
3.750000000000000078e-04,-7.652009684407150437e-20,-2.719831964408657607e-18,-3.698918362833746950e-18,-9.231273204410921615e-18,-1.244223139176703500e-16,3.994244099236730421e-14
3.828125000000000147e-04,1.433223195822803871e-20,5.378179541300751065e-19,4.095153198273630742e-19,1.511885975909212857e-18,-1.677004956695824770e-17,8.478170594724032158e-15
3.906250000000000217e-04,-2.683187511246790309e-21,-1.061426195650642500e-19,1.632652236245103380e-21,-1.808468480801435350e-19,1.026324392644736369e-17,-2.547957346667186305e-15
3.984375000000000286e-04,5.021060832448167332e-22,2.090972408630475893e-20,-2.039575320538310929e-20,2.174517592577408156e-21,-2.017543770652346598e-18,-9.067265701114811527e-17
4.062500000000000356e-04,-9.391934989185940426e-23,-4.111972953923955807e-21,8.711923043324983025e-21,7.785609994550318762e-21,7.985258363750217555e-20,1.194360499810536766e-16
4.140624999999999883e-04,1.756051332515801845e-23,8.072948190125888505e-22,-2.776567462407538013e-21,-3.334132455018633966e-21,7.154713034148383681e-20,-1.022506057322532600e-17
4.218749999999999952e-04,-3.282077518833586348e-24,-1.582442470396944938e-22,7.793481770566978582e-22,1.011081307971232003e-21,-2.392055953708808934e-20,-3.893695059998211740e-18
4.296875000000000022e-04,6.131920584050519214e-25,3.097198479159625896e-23,-2.030350524771066002e-22,-2.604311571013710018e-22,3.490162013478652650e-21,9.472749656651455610e-19
4.375000000000000091e-04,-1.145213498962377439e-25,-6.053197105928807396e-24,5.025399684045500426e-23,5.990318526340515866e-23,1.108469017226754108e-22,4.186321091085949124e-20
4.453125000000000160e-04,2.138082658817398711e-26,1.181415401025518256e-24,-1.196357464342096837e-23,-1.246977442804705342e-23,-1.955753492214578830e-22,-4.722015224547111723e-20
4.531250000000000230e-04,-3.990397375560772452e-27,-2.302756650643521235e-25,2.758618517720224300e-24,2.328182872987071250e-24,5.233244837224230834e-23,5.005438408197896812e-21
4.609375000000000299e-04,7.445033464358524660e-28,4.482754990384490023e-26,-6.186488881419893348e-25,-3.739011213506996740e-25,-6.361073101224671931e-24,1.325801113323667556e-21
4.687499999999999827e-04,-1.388612179897580938e-28,-8.715974254648214126e-27,1.352334561295508155e-25,4.453245542641085982e-26,-5.526443684795312959e-25,-4.253272396349652555e-22
4.765624999999999896e-04,2.589189236673308892e-29,1.692707502971522639e-27,-2.883755944459084042e-26,-6.661631509552957324e-28,4.659345546015165196e-25,9.018866349281868406e-24
4.843749999999999965e-04,-4.826358543029263835e-30,-3.283694524370425287e-28,5.995805312128580240e-27,-1.867467642320523250e-27,-1.158337277372456167e-25,1.737734016289908203e-23
4.921875000000000035e-04,8.993993580794642379e-31,6.363221939266530477e-29,-1.213092411286939322e-27,8.178079786512857928e-28,1.358619012857623508e-26,-3.316067196374607086e-24
5.000000000000000104e-04,-1.675586277489550189e-31,-1.231806407887438150e-29,2.378889606678812031e-28,-2.543552323906880785e-28,1.263279409725701073e-27,-2.039053865125188574e-25
5.078125000000000173e-04,3.120801022755638716e-32,2.382185059628330034e-30,-4.489347156128588377e-29,6.778283014546668701e-29,-1.034638420092496360e-27,1.839945512549635857e-25
5.156250000000000243e-04,-5.811042839185445241e-33,-4.602479390407476621e-31,8.047418928865539262e-30,-1.633299412572853221e-29,2.646578394598793095e-28,-2.400107879002618754e-26
5.234375000000000312e-04,1.081768337117013062e-33,8.883954940126188983e-32,-1.335175994245400618e-30,3.628431946949602504e-30,-3.459266384895584273e-29,-3.840315906164459801e-27
5.312500000000000382e-04,-2.013306810894688396e-34,-1.713298417513254796e-32,1.927854130106540060e-31,-7.458491851456220628e-31,-1.539389731975669650e-30,1.800004255525657528e-27
5.390625000000000451e-04,3.746142849174887350e-35,3.301301229626056032e-33,-1.948930452767185526e-32,1.404847976743184192e-31,2.130675789604885115e-30,-1.714701727755821498e-28
5.468750000000000520e-04,-6.968838541058479128e-36,-6.355875578164524987e-34,-8.234544672561256350e-34,-2.349298698033524409e-32,-6.120755739042659112e-31,-4.783285427975119254e-29
5.546875000000000590e-04,1.296107598656883190e-36,1.222688137400776943e-34,1.302435110208578180e-33,3.174642561919455115e-33,9.684826382379957805e-32,1.724967053883259994e-29
5.625000000000000659e-04,-2.410066672899840766e-37,-2.350268508088361265e-35,-5.289101024884416388e-34,-2.119522509495372578e-34,-2.434201755363416357e-33,-1.314456810612418896e-30
5.703124999999999644e-04,4.480505796858371249e-38,4.514312024245361614e-36,1.680309075652292965e-34,-6.347149385205315970e-35,-3.805674001261781938e-33,-5.134497709308057412e-31
5.781249999999999714e-04,-8.327939083255489497e-39,-8.664595567788771533e-37,-4.783665786349687732e-35,3.725012141699393021e-35,1.366607969054290177e-33,1.668022821943213287e-31
5.859374999999999783e-04,1.547615101410844123e-39,1.661871668043273052e-37,1.278099129068919559e-35,-1.278555408858488453e-35,-2.704064568936366520e-34,-1.190209490616983008e-32
5.937499999999999853e-04,-2.875448583513874686e-40,-3.185286615933640243e-38,-3.274276934001621593e-36,3.644154510027804575e-36,2.471024881790167385e-35,-5.056524241401448648e-33
6.015624999999999922e-04,5.341554723220636847e-41,6.101130959126799598e-39,8.138135859211215161e-37,-9.347975276496528662e-37,4.638688472386285438e-36,1.644701571210067656e-33
6.093749999999999991e-04,-9.920904762670826613e-42,-1.167861994435094611e-39,-1.976582579703291513e-37,2.224216003511299944e-37,-2.732317359668534939e-36,-1.313983375140345039e-34
6.171875000000000061e-04,1.842291671365001901e-42,2.234087734294912824e-40,4.713472107434620148e-38,-4.970445773641868859e-38,6.985245845961666739e-37,-4.602977746898618518e-35
6.250000000000000130e-04,-3.420510120380645230e-43,-4.271144444548853724e-41,-1.107220269847596623e-38,1.046582615207909430e-38,-1.057793062182967771e-37,1.644836737838888753e-35
6.328125000000000199e-04,6.349660457554458203e-44,8.160769454177432323e-42,2.568235552507417378e-39,-2.067327321303415543e-39,2.563188198561864263e-39,-1.651161184104294061e-36
6.406250000000000269e-04,-1.178525174226090723e-44,-1.558360513480728533e-42,-5.892868656642717333e-40,3.775005103792028093e-40,4.179224273893314081e-39,-3.745727680683496394e-37
6.484375000000000338e-04,2.187043402746722839e-45,2.974141296925130889e-43,1.339418715841924494e-40,-6.145289651607196502e-41,-1.552961281327065806e-39,1.638761091256582130e-37
6.562500000000000408e-04,-4.057956093979327110e-46,-5.673076867984254568e-44,-3.019149582655209034e-41,8.032711298060752087e-42,3.337698739481239436e-40,-2.153215760045415117e-38
6.640625000000000477e-04,7.528173932417761300e-47,1.081547125884740340e-44,6.754926100777130708e-42,-4.647618915609354094e-43,-4.082541673502586503e-41,-2.417780179978549941e-39
6.718750000000000546e-04,-1.396384103883879423e-47,-2.060857551561589287e-45,-1.501220111930221418e-42,-1.900949299267309784e-43,-1.842226423506479695e-42,1.580775380095657708e-39
6.796875000000000616e-04,2.589722291027207439e-48,3.924931065898627777e-46,3.316066518273650517e-43,1.041389132475938532e-43,2.594865667485429302e-42,-2.740734024319777674e-40
6.874999999999999601e-04,-4.802130380083102958e-49,-7.471420288352828828e-47,-7.284223529624326040e-44,-3.550937284420291797e-44,-8.163741795826370829e-43,-5.718929245940850132e-42
6.953124999999999670e-04,8.903188893539337025e-50,1.421564845365213524e-47,1.591907664605845747e-44,1.020895073097277983e-44,1.612135650433661389e-43,1.414443089327619137e-41
7.031249999999999740e-04,-1.650384628377026247e-50,-2.703507723763496684e-48,-3.462535063640083370e-45,-2.667126147846323728e-45,-1.743936326121979753e-44,-3.285795532620508352e-42
7.109374999999999809e-04,3.058776690641203727e-51,5.139144125320677921e-49,7.498214810779389812e-46,6.521399102645461762e-46,-1.592022186502818422e-45,1.743632551459318443e-43
7.187499999999999879e-04,-5.667945066214646823e-52,-9.764742046372083280e-50,-1.617100463374480148e-46,-1.512935974046499771e-46,1.399053262020161967e-45,1.084401729161170185e-43
7.265624999999999948e-04,1.050042548685537865e-52,1.854563965463334975e-50,3.474120457919528884e-47,3.350952477656851981e-47,-4.192349166118344501e-46,-3.605345274501310291e-44
7.343750000000000017e-04,-1.944794865467076788e-53,-3.520771783147669669e-51,-7.436737335075616587e-48,-7.095722559206298838e-48,8.179062889922514375e-47,4.301304289152078857e-45
7.421875000000000087e-04,3.600808336612833746e-54,6.681170065465947753e-52,1.586500343131823368e-48,1.432370602022488904e-48,-9.010345968190893581e-48,5.579466194028128326e-46
7.500000000000000156e-04,-6.664180548581793705e-55,-1.267327603443709736e-52,-3.373646286835931141e-49,-2.733167072551406855e-49,-7.098961314171415712e-49,-3.480753628238198372e-46
7.578125000000000226e-04,1.232699461044397885e-55,2.402976501869073268e-53,7.152112545127746370e-50,4.839377256377252833e-50,6.875009645973915928e-49,6.633527927894933413e-47
7.656250000000000295e-04,-2.278495327891711029e-56,-4.554452860044144326e-54,-1.511860172195039339e-50,-7.620238024301956640e-51,-2.129185098737256038e-49,-1.448413770052954794e-48
7.734375000000000364e-04,4.207244121879812629e-57,8.628787044850997981e-55,3.187077663066545089e-51,9.409937854047766277e-52,4.364767849712341609e-50,-2.717504395487132746e-48
7.812500000000000434e-04,-7.757596155014307858e-58,-1.634141188171181763e-55,-6.700905970627278500e-52,-3.647159993641616597e-53,-5.523045724847911752e-51,8.047442748952337155e-49
7.890625000000000503e-04,1.427490783281390509e-58,3.093522272099911156e-56,1.405354441393799724e-52,-2.994961466482695903e-53,-1.004512265896818529e-52,-9.214146933609301579e-50
7.968750000000000572e-04,-2.619064723616068005e-59,-5.853770789231685617e-57,-2.940338316806611862e-53,1.472646786185253465e-53,3.023498165809888279e-52,-1.247568290866985823e-50
8.046875000000000642e-04,4.784789251697717647e-60,1.107205583417626249e-57,6.137788003881736263e-54,-4.917020932290514710e-54,-1.051941888311504822e-52,7.778353722564389166e-51
8.125000000000000711e-04,-8.686377620921115526e-61,-2.093230461208882726e-58,-1.278410995176771824e-54,1.412862064360365934e-54,2.380946626441012154e-53,-1.576711268713663014e-51
8.203124999999999696e-04,1.562083917474001767e-61,3.955313290261430961e-59,2.657120060534450798e-55,-3.728819279275794108e-55,-3.637042763694765565e-54,7.513134901602963839e-53
8.281249999999999766e-04,-2.768673042316450455e-62,-7.469443829204207073e-60,-5.511494735628007510e-56,9.287074451620633748e-56,1.853520283244236094e-55,5.309928542492610171e-53
8.359374999999999835e-04,4.795962846271258708e-63,1.409590199997714668e-60,1.140980719462139077e-56,-2.212412489608864974e-56,1.072529758483637565e-55,-1.856834225139877504e-53
8.437499999999999905e-04,-7.996723311696033032e-64,-2.657830408465890268e-61,-2.357593669102853111e-57,5.077307436176409468e-57,-4.841331398475475241e-56,2.780921441883018199e-54
8.515624999999999974e-04,1.244423915721661410e-64,5.006032382919766140e-62,4.862621803985357635e-58,-1.126494761425736438e-57,1.268430796104127859e-56,8.028998512525931546e-56
8.593750000000000043e-04,-1.672188830755550962e-65,-9.415652566170737325e-63,-1.001175743682484827e-58,2.418901798400745946e-58,-2.352781493074446570e-57,-1.543798402244918237e-55
8.671875000000000113e-04,1.405032610476000320e-66,1.767633660462415354e-63,2.057852530222272587e-59,-5.021068428177009803e-59,2.593438005123086800e-58,4.084820963861517429e-56
8.750000000000000182e-04,1.925374441709267323e-67,-3.309941909198127713e-64,-4.222859608710917443e-60,1.003743109716800885e-59,1.730960804180430982e-59,-4.575133207118237601e-57
8.828125000000000252e-04,-1.568545558055645475e-67,6.175852898712713917e-65,8.651880793762570142e-61,-1.917612685861479994e-60,-1.895616812205173593e-59,-5.954350212349643043e-58
8.906250000000000321e-04,6.150062123426983764e-68,-1.146498867656713873e-65,-1.769895806547573564e-61,3.449559755688521371e-61,6.226360511388580304e-60,3.912118047189497646e-58
8.984375000000000390e-04,-2.008054481915499024e-68,2.112880332488028074e-66,3.615254171341195723e-62,-5.664769796409949768e-62,-1.408510383776583515e-60,-8.716356346123514745e-59
9.062500000000000460e-04,6.046651692765277950e-69,-3.852104398673786502e-67,-7.374007423368168211e-63,7.847225569367645084e-63,2.259333609718488312e-61,7.289467431063284009e-60
9.140625000000000529e-04,-1.743375675528697830e-69,6.909498649230525739e-68,1.501967682138638701e-63,-6.567392950482248974e-64,-1.658622069904823513e-62,1.961902347394375372e-60
9.218750000000000598e-04,4.899141660201604394e-70,-1.208075465267000656e-68,-3.055115958421499744e-64,-9.613288959005958108e-65,-4.693665438966816424e-63,-9.321340146186222966e-61
9.296875000000000668e-04,-1.354838112637695616e-70,2.024464085742297253e-69,6.206144940308884492e-65,7.380311210951637385e-65,2.566205078099551552e-63,1.867804747983340757e-61
9.374999999999999653e-04,3.708146950693046066e-71,-3.139622329970381653e-70,-1.259097959240637013e-65,-2.745286619255163693e-65,-7.394720690236666510e-64,-1.207551739166591644e-62
9.453124999999999722e-04,-1.007990921346833642e-71,4.108089069214664192e-71,2.551268408945285719e-66,8.363428166422865359e-66,1.548545483886299590e-64,-5.212050892508154524e-63
9.531249999999999792e-04,2.727516121054036328e-72,-2.900459247688361165e-72,-5.163294175319709893e-67,-2.307009120203908320e-66,-2.274704769432344023e-65,2.157660976188670259e-63
9.609374999999999861e-04,-7.357562218642797406e-73,-7.493565885792552578e-73,1.043725470077132969e-67,5.981511388693156400e-67,1.118069232627981802e-66,-4.106971429658281156e-64
9.687499999999999931e-04,1.980594368834604589e-73,4.881830734014314386e-73,-2.107412612482479031e-68,-1.484074320375242948e-67,6.766967518489261601e-67,2.321518214482036552e-65
9.765625000000000000e-04,-5.325630946750193354e-74,-1.849934470473421516e-73,4.250655393265460035e-69,3.558706844668551377e-68,-3.109784628473076350e-67,1.240117602513511239e-65
9.843750000000000069e-04,1.436969430450039592e-74,6.011702798366924208e-74,-8.577174641134806588e-70,-8.311852384803957258e-69,8.543060472594922726e-68,-4.924915930638554691e-66
9.921875000000000139e-04,-4.112179160901661114e-75,-1.936549997003861149e-74,1.793011200747766309e-70,1.975804718507137364e-69,-1.762844978879185471e-68,9.126865771457004475e-67
1.000000000000000021e-03,2.057970372980993216e-75,1.032073282359094598e-74,-6.929967613822411148e-71,-8.373081347666497831e-70,5.074272560159408353e-69,-1.144759554210085416e-67
